arc total_cumulative_inflow_function
s,4 (0, 0),(2, 2),(6, 10),(8, 13.5),(10, 16.833333333333332),(13, 18.833333333333332),(14.5, 19.787878787878785),(16, 20.787878787878785),(inf, 20.787878787878785)
s,6 (0, 0),(2, 2),(4, 6),(10, 15),(10.333333333333332, 15.166666666666666),(13, 16.944444444444443),(17, 19.444444444444443),(17.925925925925924, 19.999999999999996),(inf, 19.999999999999996)
t,0 (0, 0),(1, 0),(4, 3),(6, 4),(8.5, 5.5),(14, 9.166666666666666),(15.190476190476192, 10),(inf, 10)
0,3 (0, 0),(2, 2),(5, 8),(7, 11),(9.5, 15),(10, 15.833333333333334),(15, 19.166666666666668),(16.19047619047619, 20),(inf, 20)
0,4 (0, 0),(10, 10),(inf, 10)
1,s (0, 0),(1, 0),(5, 4),(7, 5.5),(12, 8.833333333333332),(13.5, 9.787878787878787),(15, 10.787878787878787),(inf, 10.787878787878787)
2,t (0, 0),(3, 3),(4, 5),(5.5, 7.5),(8.5, 12),(9.666666666666666, 13.666666666666666),(10, 14.166666666666668),(21.666666666666664, 20),(inf, 20)
2,1 (0, 0),(4, 4),(5.5, 6),(8.5, 10.5),(9.666666666666666, 12.333333333333332),(10, 12.833333333333334),(21.666666666666664, 18.666666666666664),(23, 20),(inf, 20)
3,s (0, 0),(1, 0),(3, 2),(9.333333333333332, 5.166666666666666),(12, 6.944444444444445),(16, 9.444444444444445),(16.925925925925924, 9.999999999999998),(inf, 9.999999999999998)
4,5 (0, 0),(1, 0),(3, 4),(11, 16),(15.5, 18.57142857142857),(17.88095238095238, 20),(inf, 20)
4,3 (0, 0),(3, 0),(11, 4),(15.5, 5.928571428571429),(17.88095238095238, 6.8809523809523805),(21.787878787878785, 10.787878787878785),(inf, 10.787878787878785)
5,t (0, 0),(2, 0),(6, 2),(18, 6),(22, 10),(inf, 10)
5,7 (0, 0),(2, 0),(6, 2),(18, 10),(inf, 10)
6,7 (0, 0),(1, 0),(3, 2),(7, 4),(16, 10),(inf, 10)
6,1 (0, 0),(3, 0),(7, 2),(16, 5),(20.999999999999996, 9.999999999999996),(inf, 9.999999999999996)
7,2 (0, 0),(2, 0),(3, 1),(4, 2.5),(7, 5.5),(8, 6.666666666666667),(17, 18.666666666666664),(19, 20),(inf, 20)
